.Random.seed <-
c(403L, 10L, -954819276L, 1208719002L, -924875547L, -552716673L, 
-1085521914L, -1423039600L, -881619405L, 538082769L, 306618240L, 
-1911893410L, 290073001L, -1948694437L, 684470378L, 143941900L, 
-1366672561L, 1897482245L, 1781823164L, 528822162L, 224935053L, 
-177419577L, 1039485870L, 538961416L, 770243083L, -48399639L, 
-1907710536L, -954105242L, 549760769L, -1690007149L, -314236350L, 
-2115688972L, -1185628169L, -1890843667L, -989680508L, -713289046L, 
-1001052139L, 163205295L, -137806154L, 808529120L, 565186595L, 
-858247359L, 944394800L, -778538930L, -246796103L, 1804453067L, 
846432634L, -1567435652L, 1403707583L, -1589934699L, 2103244204L, 
-1034662014L, 703165789L, 1265306711L, 1081502526L, 1361851256L, 
-1947656101L, 386262969L, -1786153464L, 1856881846L, 713810929L, 
-1982222813L, -1454535054L, 1215853764L, -1035386233L, -188138915L, 
-496567212L, -1119627654L, -1314445883L, -499677409L, 105505446L, 
1934705712L, 563443411L, 1830180081L, 1653960736L, -2101958978L, 
1567093449L, -1764882309L, -1645828534L, -1436048724L, 1983002031L, 
-1880861339L, 308863772L, 225412978L, 2115181549L, 1449274407L, 
-153152434L, 1974728872L, -1654860117L, 382125001L, 914759640L, 
701822598L, 1621471073L, -457022733L, -340877982L, 421870548L, 
832732887L, 862700749L, -1868200860L, 1860340298L, -1833594955L, 
-107678961L, 1258606614L, 2026429120L, 72793219L, -1355888479L, 
1976622736L, -97985170L, 1610509081L, -466456661L, 2055966106L, 
643774812L, -1145089953L, 1045684277L, 1227207628L, 1083815714L, 
-48330371L, -808541577L, -1662985314L, -2062808488L, -1897159749L, 
1927669081L, 201146088L, -475349226L, 1963446417L, -268702397L, 
-1481312174L, 963119844L, -1213133529L, -147368579L, -22463372L, 
-1036081574L, 543285925L, 1906436287L, 997088070L, -351852080L, 
-177882125L, -939597039L, -2046545088L, -1373480162L, 2017534953L, 
342763803L, 1787167530L, -1454947252L, -512586737L, 1258137413L, 
339251452L, -1284972718L, -1768320819L, 2108694663L, 1988756334L, 
330298696L, 1112080715L, -948079447L, 1825179128L, 2126703910L, 
-406368703L, -1327167533L, -898982526L, 1950691764L, -569057993L, 
948852781L, -769260220L, 906838634L, -1688998699L, -1212241297L, 
-83468426L, -1740889952L, 422803811L, 1173600769L, 1891428720L, 
307763470L, -1969820807L, -1486740725L, -1847055302L, -1146909892L, 
-1694982017L, 1882194901L, -268145172L, -647299262L, -700186467L, 
1926969623L, -1375989634L, 54011960L, -1966096613L, 255544441L, 
-985148216L, -1348979466L, 638100785L, -249277085L, -2020624590L, 
-1607999356L, 2078047431L, 1765453725L, 1005198100L, 40200634L, 
-994328571L, -1330367009L, 1906247782L, -761350160L, 434159891L, 
-1411359055L, 1161075040L, 1381084926L, 1523501705L, 945022395L, 
52240266L, -1437186452L, 2009921519L, -2023059419L, 1987223772L, 
-1319254350L, -1711527507L, -125493913L, -1775859058L, -1011936408L, 
68815723L, 209433865L, -1068807272L, -839972154L, -1755058143L, 
-668486477L, -1661475294L, -1954015212L, -837788521L, -1594722675L, 
499455908L, 2092206474L, -1925155339L, 1886361488L, 2047708412L, 
1769432468L, -1858342078L, 118815232L, -481224644L, 1844296272L, 
1963991202L, -1000832184L, -1443474932L, -800427300L, -1793087406L, 
-1351721856L, 279113556L, 12648424L, 1702931194L, -1040416944L, 
963265580L, -1785765516L, -1673619822L, -989545888L, 2112329868L, 
-401716896L, -1184835358L, 211961000L, -809955636L, -1808049668L, 
-1192107086L, 1283931120L, -1347118652L, 1517170008L, -2028353158L, 
244971952L, -595885636L, 767786580L, 1848207810L, 1258097440L, 
1823857596L, -153264048L, -1104632862L, -1356527768L, -453353652L, 
1128677116L, 77151986L, -1782481664L, -1747438476L, -1862296056L, 
-1908826694L, -62749232L, -1326424084L, -1035633772L, 1656934610L, 
-1060926368L, 12457292L, 1993124640L, 1759607426L, 801710568L, 
854795244L, -2103736772L, -518078862L, 600314736L, 155651364L, 
698681912L, -1366199910L, 1530562000L, -969296452L, 326592148L, 
-963624318L, -71408192L, 1052561212L, -1160891760L, 945096482L, 
-1100802552L, -1774021876L, -409711716L, -809294830L, 1675162496L, 
-1077236972L, -1040341720L, -1114263494L, -1738943536L, 500140652L, 
-1696027596L, 1872517266L, 1051853152L, 1215782220L, 480054752L, 
697365410L, -412378200L, 506686604L, -1728068676L, -1538610062L, 
1546438640L, 609498180L, -1471608744L, 1050910778L, 306008176L, 
1650984508L, 1798784788L, -1226073406L, -1724366112L, 2020355196L, 
-972870448L, -1410827358L, -1309675992L, -1921627892L, -1101981764L, 
-1811343054L, -1195409216L, 1150693940L, 2035124936L, 2003217082L, 
-1893075824L, 1335285484L, 1560346196L, -393050478L, 308692768L, 
-998770740L, 777879776L, 209436354L, -1713064920L, -713811028L, 
-1888601412L, -830649870L, 761501232L, 1580890020L, 1142108600L, 
-1463467174L, 1367553168L, -1755665540L, -1148836076L, 159894850L, 
-1374572800L, -443542596L, 990924624L, -1212659422L, 912351816L, 
-848359412L, -1651600292L, 440791506L, -1737916928L, -1790074540L, 
2131333352L, 1231413498L, -1452996912L, -512306900L, 1490886900L, 
964611474L, -1487906464L, 571201548L, -548863264L, -1728812446L, 
-471186776L, 875752012L, 1154461564L, -123103950L, 1221207664L, 
1292563268L, 1940465624L, 212797306L, 1154053680L, 1933551548L, 
655930964L, -2095493054L, 1315598496L, -1618184516L, -225728048L, 
1769767778L, -2075548952L, 1731477708L, 1904927228L, -183995918L, 
1890880128L, -1921180172L, 1465841288L, 1742135098L, 319476560L, 
-1970082708L, 1719796116L, 1505358930L, 993739232L, 437329100L, 
560252064L, 1725511042L, 415697128L, -731908372L, -1158949572L, 
-2042442638L, 897083504L, -2081226716L, -1017852872L, 983101210L, 
-1806095152L, 591822652L, 980461460L, -1851468926L, -737179200L, 
-482148804L, -434502256L, -1618199006L, -2139101944L, 1916169868L, 
-1148543204L, 449904786L, -142067328L, -186227180L, -1947443416L, 
-452486598L, -880165424L, -1785419412L, 523125684L, -1029253102L, 
1779381728L, -1151858740L, -1550229280L, 118347810L, 1204314408L, 
-352395764L, 196405052L, -280558606L, 1023236848L, -960115132L, 
1721647704L, -852308166L, -491280912L, 953423548L, 1558444308L, 
788757789L, -5716022L, 1617981672L, 1678558161L, 1874781635L, 
700645060L, 1090962802L, -2127357881L, -296154095L, 1981722006L, 
-459149068L, 340548229L, -904358961L, -1638901048L, 1786698598L, 
-98279021L, -673076491L, -1358921006L, -1837716192L, 1535821065L, 
-585874885L, -27175028L, -395020774L, 921726607L, 1516546521L, 
1383751278L, -971112964L, 1119618925L, 458223895L, 2118327520L, 
981029566L, 975659147L, 1498545933L, 2134036282L, 316655480L, 
-1884136159L, 451509715L, -723649292L, -1887505022L, 1800187927L, 
-178825503L, 818597926L, 1941603620L, -1772753451L, -594456193L, 
1025871896L, -1291997386L, 508475843L, -702646267L, 180943778L, 
-245880944L, -201817287L, -1984063509L, -983844644L, 660711690L, 
-1019668481L, 1173101129L, -192708642L, -2041524340L, 186777437L, 
785278823L, -429351792L, 1389802158L, 54112091L, 1662304061L, 
1338064298L, 796807752L, 544371313L, -1396112413L, -413405468L, 
-2114832878L, -560889369L, -1795015247L, 411782134L, -1478785516L, 
1276438821L, 2141049391L, 1627572200L, -583257914L, 1426924915L, 
-1078661675L, -2015178318L, -945459328L, -612551831L, 20699099L, 
-1451450580L, 1724584250L, -2082574353L, -345228679L, -534844146L, 
-178780964L, 647535437L, 854160055L, -1903083456L, -1679277794L, 
-1249039381L, 1721161581L, -1858855462L, 1989136280L, 1537433089L, 
-928600141L, -1161765164L, -1167857694L, 2112260727L, -340397119L, 
1609118022L, -1207852924L, 1378428469L, -1440862689L, -844637832L, 
979753046L, -931908381L, -890019163L, -1992188094L, 1115159856L, 
826801497L, 308702923L, 827508540L, 1585188714L, -608109153L, 
-2061593559L, 193988286L, -1002035284L, 48033021L, 1764825159L, 
-1291983056L, 1071579214L, 1120832635L, 1456005085L, 274288138L, 
-2087677144L, -719446639L, -1723423869L, 1950484612L, 1722656434L, 
828783111L, 1552435793L, 263242198L, -2115638092L, -1286154043L, 
-1629967857L, 880771720L, 1819015078L, -63635629L, -397147979L, 
